50
91742 58122
79172 61431
82011 74870
82176 89986
57853 54677
60501 90404
60320 91622
47839 94691
46400 98009
22099 95686
35456 85798
32784 77740
29520 66245
17237 63720
16254 76711
7525 76028
637 70306
716 68582
1924 53751
14559 46843
27705 48918
42290 40360
57759 39648
58498 33628
58612 47482
60062 53561
60736 53659
65473 49292
56851 18360
52135 13314
14614 18796
13705 19802
738 20100
13401 14291
38309 11204
54055 8452
66051 12890
70141 5901
76339 4363
88465 10277
74717 20427
71686 22443
77845 28896
70745 33771
76833 39203
77041 45982
90227 24888
90560 37853
92696 41081
83627 45608
